diary on
a = 5

a =

     5

x = [4, 5, 6]

x =

     4     5     6

y = [1; 2; 3]

y =

     1
     2
     3

A = [9, 8, 7;6, 5, 4;3, 2, 1]

A =

     9     8     7
     6     5     4
     3     2     1

B = [1, 2, 3; 4, 5, 6;7, 8, 9]

B =

     1     2     3
     4     5     6
     7     8     9

x(2) = 7

x =

     4     7     6

A(3, 2) = 0

A =

     9     8     7
     6     5     4
     3     0     1

6 + 4

ans =

    10

5*3

ans =

    15

2 -11

ans =

    -9

9 / 2

ans =

    4.5000

sqrt(6)

ans =

    2.4495

log(4)

ans =

    1.3863

log10(1000)

ans =

     3

abs(-8)

ans =

     8

sin(16*pi/3)

ans =

   -0.8660

floor(4.2)

ans =

     4

zeros(13, 6)

ans =

     0     0     0     0     0     0
     0     0     0     0     0     0
     0     0     0     0     0     0
     0     0     0     0     0     0
     0     0     0     0     0     0
     0     0     0     0     0     0
     0     0     0     0     0     0
     0     0     0     0     0     0
     0     0     0     0     0     0
     0     0     0     0     0     0
     0     0     0     0     0     0
     0     0     0     0     0     0
     0     0     0     0     0     0

ones(13, 6)

ans =

     1     1     1     1     1     1
     1     1     1     1     1     1
     1     1     1     1     1     1
     1     1     1     1     1     1
     1     1     1     1     1     1
     1     1     1     1     1     1
     1     1     1     1     1     1
     1     1     1     1     1     1
     1     1     1     1     1     1
     1     1     1     1     1     1
     1     1     1     1     1     1
     1     1     1     1     1     1
     1     1     1     1     1     1

eye(7)

ans =

     1     0     0     0     0     0     0
     0     1     0     0     0     0     0
     0     0     1     0     0     0     0
     0     0     0     1     0     0     0
     0     0     0     0     1     0     0
     0     0     0     0     0     1     0
     0     0     0     0     0     0     1

eye(13, 6)

ans =

     1     0     0     0     0     0
     0     1     0     0     0     0
     0     0     1     0     0     0
     0     0     0     1     0     0
     0     0     0     0     1     0
     0     0     0     0     0     1
     0     0     0     0     0     0
     0     0     0     0     0     0
     0     0     0     0     0     0
     0     0     0     0     0     0
     0     0     0     0     0     0
     0     0     0     0     0     0
     0     0     0     0     0     0

linspace(2.4, 3.8, 1004)

ans =

  Columns 1 through 13

    2.4000    2.4014    2.4028    2.4042    2.4056    2.4070    2.4084    2.4098    2.4112    2.4126    2.4140    2.4154    2.4167

  Columns 14 through 26

    2.4181    2.4195    2.4209    2.4223    2.4237    2.4251    2.4265    2.4279    2.4293    2.4307    2.4321    2.4335    2.4349

  Columns 27 through 39

    2.4363    2.4377    2.4391    2.4405    2.4419    2.4433    2.4447    2.4461    2.4475    2.4489    2.4502    2.4516    2.4530

  Columns 40 through 52

    2.4544    2.4558    2.4572    2.4586    2.4600    2.4614    2.4628    2.4642    2.4656    2.4670    2.4684    2.4698    2.4712

  Columns 53 through 65

    2.4726    2.4740    2.4754    2.4768    2.4782    2.4796    2.4810    2.4824    2.4837    2.4851    2.4865    2.4879    2.4893

  Columns 66 through 78

    2.4907    2.4921    2.4935    2.4949    2.4963    2.4977    2.4991    2.5005    2.5019    2.5033    2.5047    2.5061    2.5075

  Columns 79 through 91

    2.5089    2.5103    2.5117    2.5131    2.5145    2.5159    2.5172    2.5186    2.5200    2.5214    2.5228    2.5242    2.5256

  Columns 92 through 104

    2.5270    2.5284    2.5298    2.5312    2.5326    2.5340    2.5354    2.5368    2.5382    2.5396    2.5410    2.5424    2.5438

  Columns 105 through 117

    2.5452    2.5466    2.5480    2.5494    2.5507    2.5521    2.5535    2.5549    2.5563    2.5577    2.5591    2.5605    2.5619

  Columns 118 through 130

    2.5633    2.5647    2.5661    2.5675    2.5689    2.5703    2.5717    2.5731    2.5745    2.5759    2.5773    2.5787    2.5801

  Columns 131 through 143

    2.5815    2.5829    2.5842    2.5856    2.5870    2.5884    2.5898    2.5912    2.5926    2.5940    2.5954    2.5968    2.5982

  Columns 144 through 156

    2.5996    2.6010    2.6024    2.6038    2.6052    2.6066    2.6080    2.6094    2.6108    2.6122    2.6136    2.6150    2.6164

  Columns 157 through 169

    2.6177    2.6191    2.6205    2.6219    2.6233    2.6247    2.6261    2.6275    2.6289    2.6303    2.6317    2.6331    2.6345

  Columns 170 through 182

    2.6359    2.6373    2.6387    2.6401    2.6415    2.6429    2.6443    2.6457    2.6471    2.6485    2.6499    2.6512    2.6526

  Columns 183 through 195

    2.6540    2.6554    2.6568    2.6582    2.6596    2.6610    2.6624    2.6638    2.6652    2.6666    2.6680    2.6694    2.6708

  Columns 196 through 208

    2.6722    2.6736    2.6750    2.6764    2.6778    2.6792    2.6806    2.6820    2.6833    2.6847    2.6861    2.6875    2.6889

  Columns 209 through 221

    2.6903    2.6917    2.6931    2.6945    2.6959    2.6973    2.6987    2.7001    2.7015    2.7029    2.7043    2.7057    2.7071

  Columns 222 through 234

    2.7085    2.7099    2.7113    2.7127    2.7141    2.7155    2.7168    2.7182    2.7196    2.7210    2.7224    2.7238    2.7252

  Columns 235 through 247

    2.7266    2.7280    2.7294    2.7308    2.7322    2.7336    2.7350    2.7364    2.7378    2.7392    2.7406    2.7420    2.7434

  Columns 248 through 260

    2.7448    2.7462    2.7476    2.7490    2.7503    2.7517    2.7531    2.7545    2.7559    2.7573    2.7587    2.7601    2.7615

  Columns 261 through 273

    2.7629    2.7643    2.7657    2.7671    2.7685    2.7699    2.7713    2.7727    2.7741    2.7755    2.7769    2.7783    2.7797

  Columns 274 through 286

    2.7811    2.7825    2.7838    2.7852    2.7866    2.7880    2.7894    2.7908    2.7922    2.7936    2.7950    2.7964    2.7978

  Columns 287 through 299

    2.7992    2.8006    2.8020    2.8034    2.8048    2.8062    2.8076    2.8090    2.8104    2.8118    2.8132    2.8146    2.8160

  Columns 300 through 312

    2.8173    2.8187    2.8201    2.8215    2.8229    2.8243    2.8257    2.8271    2.8285    2.8299    2.8313    2.8327    2.8341

  Columns 313 through 325

    2.8355    2.8369    2.8383    2.8397    2.8411    2.8425    2.8439    2.8453    2.8467    2.8481    2.8495    2.8508    2.8522

  Columns 326 through 338

    2.8536    2.8550    2.8564    2.8578    2.8592    2.8606    2.8620    2.8634    2.8648    2.8662    2.8676    2.8690    2.8704

  Columns 339 through 351

    2.8718    2.8732    2.8746    2.8760    2.8774    2.8788    2.8802    2.8816    2.8830    2.8843    2.8857    2.8871    2.8885

  Columns 352 through 364

    2.8899    2.8913    2.8927    2.8941    2.8955    2.8969    2.8983    2.8997    2.9011    2.9025    2.9039    2.9053    2.9067

  Columns 365 through 377

    2.9081    2.9095    2.9109    2.9123    2.9137    2.9151    2.9165    2.9178    2.9192    2.9206    2.9220    2.9234    2.9248

  Columns 378 through 390

    2.9262    2.9276    2.9290    2.9304    2.9318    2.9332    2.9346    2.9360    2.9374    2.9388    2.9402    2.9416    2.9430

  Columns 391 through 403

    2.9444    2.9458    2.9472    2.9486    2.9500    2.9513    2.9527    2.9541    2.9555    2.9569    2.9583    2.9597    2.9611

  Columns 404 through 416

    2.9625    2.9639    2.9653    2.9667    2.9681    2.9695    2.9709    2.9723    2.9737    2.9751    2.9765    2.9779    2.9793

  Columns 417 through 429

    2.9807    2.9821    2.9834    2.9848    2.9862    2.9876    2.9890    2.9904    2.9918    2.9932    2.9946    2.9960    2.9974

  Columns 430 through 442

    2.9988    3.0002    3.0016    3.0030    3.0044    3.0058    3.0072    3.0086    3.0100    3.0114    3.0128    3.0142    3.0156

  Columns 443 through 455

    3.0169    3.0183    3.0197    3.0211    3.0225    3.0239    3.0253    3.0267    3.0281    3.0295    3.0309    3.0323    3.0337

  Columns 456 through 468

    3.0351    3.0365    3.0379    3.0393    3.0407    3.0421    3.0435    3.0449    3.0463    3.0477    3.0491    3.0504    3.0518

  Columns 469 through 481

    3.0532    3.0546    3.0560    3.0574    3.0588    3.0602    3.0616    3.0630    3.0644    3.0658    3.0672    3.0686    3.0700

  Columns 482 through 494

    3.0714    3.0728    3.0742    3.0756    3.0770    3.0784    3.0798    3.0812    3.0826    3.0839    3.0853    3.0867    3.0881

  Columns 495 through 507

    3.0895    3.0909    3.0923    3.0937    3.0951    3.0965    3.0979    3.0993    3.1007    3.1021    3.1035    3.1049    3.1063

  Columns 508 through 520

    3.1077    3.1091    3.1105    3.1119    3.1133    3.1147    3.1161    3.1174    3.1188    3.1202    3.1216    3.1230    3.1244

  Columns 521 through 533

    3.1258    3.1272    3.1286    3.1300    3.1314    3.1328    3.1342    3.1356    3.1370    3.1384    3.1398    3.1412    3.1426

  Columns 534 through 546

    3.1440    3.1454    3.1468    3.1482    3.1496    3.1509    3.1523    3.1537    3.1551    3.1565    3.1579    3.1593    3.1607

  Columns 547 through 559

    3.1621    3.1635    3.1649    3.1663    3.1677    3.1691    3.1705    3.1719    3.1733    3.1747    3.1761    3.1775    3.1789

  Columns 560 through 572

    3.1803    3.1817    3.1831    3.1844    3.1858    3.1872    3.1886    3.1900    3.1914    3.1928    3.1942    3.1956    3.1970

  Columns 573 through 585

    3.1984    3.1998    3.2012    3.2026    3.2040    3.2054    3.2068    3.2082    3.2096    3.2110    3.2124    3.2138    3.2152

  Columns 586 through 598

    3.2166    3.2179    3.2193    3.2207    3.2221    3.2235    3.2249    3.2263    3.2277    3.2291    3.2305    3.2319    3.2333

  Columns 599 through 611

    3.2347    3.2361    3.2375    3.2389    3.2403    3.2417    3.2431    3.2445    3.2459    3.2473    3.2487    3.2500    3.2514

  Columns 612 through 624

    3.2528    3.2542    3.2556    3.2570    3.2584    3.2598    3.2612    3.2626    3.2640    3.2654    3.2668    3.2682    3.2696

  Columns 625 through 637

    3.2710    3.2724    3.2738    3.2752    3.2766    3.2780    3.2794    3.2808    3.2822    3.2835    3.2849    3.2863    3.2877

  Columns 638 through 650

    3.2891    3.2905    3.2919    3.2933    3.2947    3.2961    3.2975    3.2989    3.3003    3.3017    3.3031    3.3045    3.3059

  Columns 651 through 663

    3.3073    3.3087    3.3101    3.3115    3.3129    3.3143    3.3157    3.3170    3.3184    3.3198    3.3212    3.3226    3.3240

  Columns 664 through 676

    3.3254    3.3268    3.3282    3.3296    3.3310    3.3324    3.3338    3.3352    3.3366    3.3380    3.3394    3.3408    3.3422

  Columns 677 through 689

    3.3436    3.3450    3.3464    3.3478    3.3492    3.3505    3.3519    3.3533    3.3547    3.3561    3.3575    3.3589    3.3603

  Columns 690 through 702

    3.3617    3.3631    3.3645    3.3659    3.3673    3.3687    3.3701    3.3715    3.3729    3.3743    3.3757    3.3771    3.3785

  Columns 703 through 715

    3.3799    3.3813    3.3827    3.3840    3.3854    3.3868    3.3882    3.3896    3.3910    3.3924    3.3938    3.3952    3.3966

  Columns 716 through 728

    3.3980    3.3994    3.4008    3.4022    3.4036    3.4050    3.4064    3.4078    3.4092    3.4106    3.4120    3.4134    3.4148

  Columns 729 through 741

    3.4162    3.4175    3.4189    3.4203    3.4217    3.4231    3.4245    3.4259    3.4273    3.4287    3.4301    3.4315    3.4329

  Columns 742 through 754

    3.4343    3.4357    3.4371    3.4385    3.4399    3.4413    3.4427    3.4441    3.4455    3.4469    3.4483    3.4497    3.4510

  Columns 755 through 767

    3.4524    3.4538    3.4552    3.4566    3.4580    3.4594    3.4608    3.4622    3.4636    3.4650    3.4664    3.4678    3.4692

  Columns 768 through 780

    3.4706    3.4720    3.4734    3.4748    3.4762    3.4776    3.4790    3.4804    3.4818    3.4832    3.4845    3.4859    3.4873

  Columns 781 through 793

    3.4887    3.4901    3.4915    3.4929    3.4943    3.4957    3.4971    3.4985    3.4999    3.5013    3.5027    3.5041    3.5055

  Columns 794 through 806

    3.5069    3.5083    3.5097    3.5111    3.5125    3.5139    3.5153    3.5167    3.5180    3.5194    3.5208    3.5222    3.5236

  Columns 807 through 819

    3.5250    3.5264    3.5278    3.5292    3.5306    3.5320    3.5334    3.5348    3.5362    3.5376    3.5390    3.5404    3.5418

  Columns 820 through 832

    3.5432    3.5446    3.5460    3.5474    3.5488    3.5501    3.5515    3.5529    3.5543    3.5557    3.5571    3.5585    3.5599

  Columns 833 through 845

    3.5613    3.5627    3.5641    3.5655    3.5669    3.5683    3.5697    3.5711    3.5725    3.5739    3.5753    3.5767    3.5781

  Columns 846 through 858

    3.5795    3.5809    3.5823    3.5836    3.5850    3.5864    3.5878    3.5892    3.5906    3.5920    3.5934    3.5948    3.5962

  Columns 859 through 871

    3.5976    3.5990    3.6004    3.6018    3.6032    3.6046    3.6060    3.6074    3.6088    3.6102    3.6116    3.6130    3.6144

  Columns 872 through 884

    3.6158    3.6171    3.6185    3.6199    3.6213    3.6227    3.6241    3.6255    3.6269    3.6283    3.6297    3.6311    3.6325

  Columns 885 through 897

    3.6339    3.6353    3.6367    3.6381    3.6395    3.6409    3.6423    3.6437    3.6451    3.6465    3.6479    3.6493    3.6506

  Columns 898 through 910

    3.6520    3.6534    3.6548    3.6562    3.6576    3.6590    3.6604    3.6618    3.6632    3.6646    3.6660    3.6674    3.6688

  Columns 911 through 923

    3.6702    3.6716    3.6730    3.6744    3.6758    3.6772    3.6786    3.6800    3.6814    3.6828    3.6841    3.6855    3.6869

  Columns 924 through 936

    3.6883    3.6897    3.6911    3.6925    3.6939    3.6953    3.6967    3.6981    3.6995    3.7009    3.7023    3.7037    3.7051

  Columns 937 through 949

    3.7065    3.7079    3.7093    3.7107    3.7121    3.7135    3.7149    3.7163    3.7176    3.7190    3.7204    3.7218    3.7232

  Columns 950 through 962

    3.7246    3.7260    3.7274    3.7288    3.7302    3.7316    3.7330    3.7344    3.7358    3.7372    3.7386    3.7400    3.7414

  Columns 963 through 975

    3.7428    3.7442    3.7456    3.7470    3.7484    3.7498    3.7511    3.7525    3.7539    3.7553    3.7567    3.7581    3.7595

  Columns 976 through 988

    3.7609    3.7623    3.7637    3.7651    3.7665    3.7679    3.7693    3.7707    3.7721    3.7735    3.7749    3.7763    3.7777

  Columns 989 through 1 001

    3.7791    3.7805    3.7819    3.7833    3.7846    3.7860    3.7874    3.7888    3.7902    3.7916    3.7930    3.7944    3.7958

  Columns 1 002 through 1 004

    3.7972    3.7986    3.8000

logspace(2.4, 3.8, 1004)

ans =

   1.0e+03 *

  Columns 1 through 13

    0.2512    0.2520    0.2528    0.2536    0.2544    0.2553    0.2561    0.2569    0.2577    0.2586    0.2594    0.2602    0.2611

  Columns 14 through 26

    0.2619    0.2627    0.2636    0.2644    0.2653    0.2661    0.2670    0.2679    0.2687    0.2696    0.2705    0.2713    0.2722

  Columns 27 through 39

    0.2731    0.2740    0.2748    0.2757    0.2766    0.2775    0.2784    0.2793    0.2802    0.2811    0.2820    0.2829    0.2838

  Columns 40 through 52

    0.2847    0.2856    0.2866    0.2875    0.2884    0.2893    0.2903    0.2912    0.2921    0.2931    0.2940    0.2950    0.2959

  Columns 53 through 65

    0.2969    0.2978    0.2988    0.2998    0.3007    0.3017    0.3027    0.3036    0.3046    0.3056    0.3066    0.3076    0.3086

  Columns 66 through 78

    0.3095    0.3105    0.3115    0.3125    0.3136    0.3146    0.3156    0.3166    0.3176    0.3186    0.3197    0.3207    0.3217

  Columns 79 through 91

    0.3228    0.3238    0.3248    0.3259    0.3269    0.3280    0.3290    0.3301    0.3312    0.3322    0.3333    0.3344    0.3354

  Columns 92 through 104

    0.3365    0.3376    0.3387    0.3398    0.3409    0.3420    0.3431    0.3442    0.3453    0.3464    0.3475    0.3486    0.3498

  Columns 105 through 117

    0.3509    0.3520    0.3531    0.3543    0.3554    0.3566    0.3577    0.3589    0.3600    0.3612    0.3623    0.3635    0.3647

  Columns 118 through 130

    0.3659    0.3670    0.3682    0.3694    0.3706    0.3718    0.3730    0.3742    0.3754    0.3766    0.3778    0.3790    0.3802

  Columns 131 through 143

    0.3815    0.3827    0.3839    0.3852    0.3864    0.3876    0.3889    0.3901    0.3914    0.3927    0.3939    0.3952    0.3965

  Columns 144 through 156

    0.3977    0.3990    0.4003    0.4016    0.4029    0.4042    0.4055    0.4068    0.4081    0.4094    0.4107    0.4121    0.4134

  Columns 157 through 169

    0.4147    0.4160    0.4174    0.4187    0.4201    0.4214    0.4228    0.4241    0.4255    0.4269    0.4283    0.4296    0.4310

  Columns 170 through 182

    0.4324    0.4338    0.4352    0.4366    0.4380    0.4394    0.4408    0.4422    0.4437    0.4451    0.4465    0.4480    0.4494

  Columns 183 through 195

    0.4509    0.4523    0.4538    0.4552    0.4567    0.4582    0.4596    0.4611    0.4626    0.4641    0.4656    0.4671    0.4686

  Columns 196 through 208

    0.4701    0.4716    0.4731    0.4746    0.4762    0.4777    0.4792    0.4808    0.4823    0.4839    0.4854    0.4870    0.4886

  Columns 209 through 221

    0.4902    0.4917    0.4933    0.4949    0.4965    0.4981    0.4997    0.5013    0.5029    0.5045    0.5062    0.5078    0.5094

  Columns 222 through 234

    0.5111    0.5127    0.5144    0.5160    0.5177    0.5193    0.5210    0.5227    0.5244    0.5261    0.5278    0.5295    0.5312

  Columns 235 through 247

    0.5329    0.5346    0.5363    0.5380    0.5398    0.5415    0.5432    0.5450    0.5467    0.5485    0.5503    0.5520    0.5538

  Columns 248 through 260

    0.5556    0.5574    0.5592    0.5610    0.5628    0.5646    0.5664    0.5682    0.5701    0.5719    0.5738    0.5756    0.5775

  Columns 261 through 273

    0.5793    0.5812    0.5830    0.5849    0.5868    0.5887    0.5906    0.5925    0.5944    0.5963    0.5982    0.6002    0.6021

  Columns 274 through 286

    0.6040    0.6060    0.6079    0.6099    0.6118    0.6138    0.6158    0.6178    0.6198    0.6218    0.6238    0.6258    0.6278

  Columns 287 through 299

    0.6298    0.6318    0.6339    0.6359    0.6379    0.6400    0.6421    0.6441    0.6462    0.6483    0.6504    0.6525    0.6546

  Columns 300 through 312

    0.6567    0.6588    0.6609    0.6630    0.6652    0.6673    0.6695    0.6716    0.6738    0.6759    0.6781    0.6803    0.6825

  Columns 313 through 325

    0.6847    0.6869    0.6891    0.6913    0.6935    0.6958    0.6980    0.7003    0.7025    0.7048    0.7071    0.7093    0.7116

  Columns 326 through 338

    0.7139    0.7162    0.7185    0.7208    0.7231    0.7255    0.7278    0.7301    0.7325    0.7349    0.7372    0.7396    0.7420

  Columns 339 through 351

    0.7444    0.7468    0.7492    0.7516    0.7540    0.7564    0.7589    0.7613    0.7637    0.7662    0.7687    0.7711    0.7736

  Columns 352 through 364

    0.7761    0.7786    0.7811    0.7836    0.7862    0.7887    0.7912    0.7938    0.7963    0.7989    0.8015    0.8041    0.8066

  Columns 365 through 377

    0.8092    0.8118    0.8145    0.8171    0.8197    0.8223    0.8250    0.8276    0.8303    0.8330    0.8357    0.8384    0.8411

  Columns 378 through 390

    0.8438    0.8465    0.8492    0.8519    0.8547    0.8574    0.8602    0.8630    0.8657    0.8685    0.8713    0.8741    0.8769

  Columns 391 through 403

    0.8798    0.8826    0.8854    0.8883    0.8911    0.8940    0.8969    0.8998    0.9027    0.9056    0.9085    0.9114    0.9144

  Columns 404 through 416

    0.9173    0.9203    0.9232    0.9262    0.9292    0.9322    0.9352    0.9382    0.9412    0.9442    0.9473    0.9503    0.9534

  Columns 417 through 429

    0.9564    0.9595    0.9626    0.9657    0.9688    0.9719    0.9751    0.9782    0.9814    0.9845    0.9877    0.9909    0.9940

  Columns 430 through 442

    0.9972    1.0005    1.0037    1.0069    1.0102    1.0134    1.0167    1.0199    1.0232    1.0265    1.0298    1.0331    1.0365

  Columns 443 through 455

    1.0398    1.0431    1.0465    1.0499    1.0533    1.0566    1.0600    1.0635    1.0669    1.0703    1.0738    1.0772    1.0807

  Columns 456 through 468

    1.0842    1.0877    1.0912    1.0947    1.0982    1.1017    1.1053    1.1088    1.1124    1.1160    1.1196    1.1232    1.1268

  Columns 469 through 481

    1.1304    1.1341    1.1377    1.1414    1.1450    1.1487    1.1524    1.1561    1.1599    1.1636    1.1673    1.1711    1.1749

  Columns 482 through 494

    1.1787    1.1824    1.1863    1.1901    1.1939    1.1977    1.2016    1.2055    1.2094    1.2132    1.2171    1.2211    1.2250

  Columns 495 through 507

    1.2289    1.2329    1.2369    1.2408    1.2448    1.2489    1.2529    1.2569    1.2610    1.2650    1.2691    1.2732    1.2773

  Columns 508 through 520

    1.2814    1.2855    1.2896    1.2938    1.2980    1.3021    1.3063    1.3105    1.3148    1.3190    1.3232    1.3275    1.3318

  Columns 521 through 533

    1.3360    1.3404    1.3447    1.3490    1.3533    1.3577    1.3621    1.3664    1.3708    1.3753    1.3797    1.3841    1.3886

  Columns 534 through 546

    1.3931    1.3975    1.4020    1.4066    1.4111    1.4156    1.4202    1.4248    1.4293    1.4339    1.4386    1.4432    1.4478

  Columns 547 through 559

    1.4525    1.4572    1.4619    1.4666    1.4713    1.4760    1.4808    1.4855    1.4903    1.4951    1.4999    1.5048    1.5096

  Columns 560 through 572

    1.5145    1.5193    1.5242    1.5291    1.5341    1.5390    1.5440    1.5489    1.5539    1.5589    1.5639    1.5690    1.5740

  Columns 573 through 585

    1.5791    1.5842    1.5893    1.5944    1.5995    1.6047    1.6098    1.6150    1.6202    1.6254    1.6307    1.6359    1.6412

  Columns 586 through 598

    1.6465    1.6518    1.6571    1.6624    1.6678    1.6731    1.6785    1.6839    1.6893    1.6948    1.7002    1.7057    1.7112

  Columns 599 through 611

    1.7167    1.7222    1.7278    1.7333    1.7389    1.7445    1.7501    1.7558    1.7614    1.7671    1.7728    1.7785    1.7842

  Columns 612 through 624

    1.7900    1.7957    1.8015    1.8073    1.8131    1.8189    1.8248    1.8307    1.8366    1.8425    1.8484    1.8544    1.8603

  Columns 625 through 637

    1.8663    1.8723    1.8784    1.8844    1.8905    1.8966    1.9027    1.9088    1.9149    1.9211    1.9273    1.9335    1.9397

  Columns 638 through 650

    1.9460    1.9522    1.9585    1.9648    1.9711    1.9775    1.9838    1.9902    1.9966    2.0031    2.0095    2.0160    2.0225

  Columns 651 through 663

    2.0290    2.0355    2.0421    2.0486    2.0552    2.0619    2.0685    2.0751    2.0818    2.0885    2.0953    2.1020    2.1088

  Columns 664 through 676

    2.1156    2.1224    2.1292    2.1360    2.1429    2.1498    2.1567    2.1637    2.1707    2.1776    2.1846    2.1917    2.1987

  Columns 677 through 689

    2.2058    2.2129    2.2200    2.2272    2.2344    2.2415    2.2488    2.2560    2.2633    2.2706    2.2779    2.2852    2.2926

  Columns 690 through 702

    2.2999    2.3073    2.3148    2.3222    2.3297    2.3372    2.3447    2.3523    2.3598    2.3674    2.3751    2.3827    2.3904

  Columns 703 through 715

    2.3981    2.4058    2.4135    2.4213    2.4291    2.4369    2.4448    2.4526    2.4605    2.4684    2.4764    2.4844    2.4924

  Columns 716 through 728

    2.5004    2.5084    2.5165    2.5246    2.5327    2.5409    2.5491    2.5573    2.5655    2.5738    2.5820    2.5904    2.5987

  Columns 729 through 741

    2.6071    2.6155    2.6239    2.6323    2.6408    2.6493    2.6578    2.6664    2.6750    2.6836    2.6922    2.7009    2.7096

  Columns 742 through 754

    2.7183    2.7270    2.7358    2.7446    2.7535    2.7623    2.7712    2.7801    2.7891    2.7981    2.8071    2.8161    2.8252

  Columns 755 through 767

    2.8343    2.8434    2.8526    2.8617    2.8710    2.8802    2.8895    2.8988    2.9081    2.9175    2.9269    2.9363    2.9457

  Columns 768 through 780

    2.9552    2.9647    2.9743    2.9838    2.9934    3.0031    3.0128    3.0224    3.0322    3.0419    3.0517    3.0616    3.0714

  Columns 781 through 793

    3.0813    3.0912    3.1012    3.1112    3.1212    3.1312    3.1413    3.1514    3.1616    3.1717    3.1819    3.1922    3.2025

  Columns 794 through 806

    3.2128    3.2231    3.2335    3.2439    3.2543    3.2648    3.2753    3.2859    3.2964    3.3071    3.3177    3.3284    3.3391

  Columns 807 through 819

    3.3498    3.3606    3.3714    3.3823    3.3932    3.4041    3.4151    3.4261    3.4371    3.4482    3.4593    3.4704    3.4816

  Columns 820 through 832

    3.4928    3.5040    3.5153    3.5266    3.5380    3.5494    3.5608    3.5722    3.5837    3.5953    3.6069    3.6185    3.6301

  Columns 833 through 845

    3.6418    3.6535    3.6653    3.6771    3.6889    3.7008    3.7127    3.7247    3.7367    3.7487    3.7607    3.7729    3.7850

  Columns 846 through 858

    3.7972    3.8094    3.8217    3.8340    3.8463    3.8587    3.8711    3.8836    3.8961    3.9086    3.9212    3.9338    3.9465

  Columns 859 through 871

    3.9592    3.9719    3.9847    3.9976    4.0104    4.0233    4.0363    4.0493    4.0623    4.0754    4.0885    4.1017    4.1149

  Columns 872 through 884

    4.1281    4.1414    4.1547    4.1681    4.1815    4.1950    4.2085    4.2221    4.2356    4.2493    4.2630    4.2767    4.2904

  Columns 885 through 897

    4.3043    4.3181    4.3320    4.3460    4.3600    4.3740    4.3881    4.4022    4.4164    4.4306    4.4448    4.4592    4.4735

  Columns 898 through 910

    4.4879    4.5024    4.5168    4.5314    4.5460    4.5606    4.5753    4.5900    4.6048    4.6196    4.6345    4.6494    4.6644

  Columns 911 through 923

    4.6794    4.6945    4.7096    4.7247    4.7399    4.7552    4.7705    4.7859    4.8013    4.8167    4.8322    4.8478    4.8634

  Columns 924 through 936

    4.8790    4.8948    4.9105    4.9263    4.9422    4.9581    4.9740    4.9901    5.0061    5.0222    5.0384    5.0546    5.0709

  Columns 937 through 949

    5.0872    5.1036    5.1200    5.1365    5.1530    5.1696    5.1863    5.2030    5.2197    5.2365    5.2534    5.2703    5.2873

  Columns 950 through 962

    5.3043    5.3214    5.3385    5.3557    5.3729    5.3902    5.4076    5.4250    5.4424    5.4599    5.4775    5.4952    5.5128

  Columns 963 through 975

    5.5306    5.5484    5.5663    5.5842    5.6022    5.6202    5.6383    5.6564    5.6746    5.6929    5.7112    5.7296    5.7481

  Columns 976 through 988

    5.7666    5.7851    5.8038    5.8224    5.8412    5.8600    5.8788    5.8978    5.9168    5.9358    5.9549    5.9741    5.9933

  Columns 989 through 1 001

    6.0126    6.0320    6.0514    6.0709    6.0904    6.1100    6.1297    6.1494    6.1692    6.1891    6.2090    6.2290    6.2490

  Columns 1 002 through 1 004

    6.2691    6.2893    6.3096

8:19

ans =

     8     9    10    11    12    13    14    15    16    17    18    19

3 * x

ans =

    12    21    18

x + 2

ans =

     6     9     8

x + y

ans =

     5     8     7
     6     9     8
     7    10     9

A * y

ans =

    46
    28
     6

A * B

ans =

    90   114   138
    54    69    84
    10    14    18

A .* B

ans =

     9    16    21
    24    25    24
    21     0     9

A .^ 3

ans =

   729   512   343
   216   125    64
    27     0     1

A ^ 3

ans =

        2328        1760        1600
        1500        1133        1030
         480         360         328

cos(A)

ans =

   -0.9111   -0.1455    0.7539
    0.9602    0.2837   -0.6536
   -0.9900    1.0000    0.5403

abs(A)

ans =

     9     8     7
     6     5     4
     3     0     1

A'

ans =

     9     6     3
     8     5     0
     7     4     1

inv(A)

ans =

   -0.4167    0.6667    0.2500
   -0.5000    1.0000   -0.5000
    1.2500   -2.0000    0.2500

det(A)

ans =

  -12.0000

eig(A)

ans =

   15.5920
   -1.2219
    0.6299

size(B)

ans =

     3     3

x(2:12)
{Index exceeds the number of array elements. Index must not exceed 3.
} 
x(2:3)

ans =

     7     6

x(1:end)

ans =

     4     7     6

X(1:2:end)
{The end operator must be used within an array index expression.
} 
A(3, :)

ans =

     3     0     1

A(:, 3)

ans =

     7
     4
     1

A(3, 1: 2)

ans =

     3     0

pi

ans =

    3.1416

realmax

ans =

  1.7977e+308

realmin

ans =

  2.2251e-308

f = @(x) sin(x^2)./(5/x);
f(pi/3)

ans =

    0.1863

d = 11;
d == 6

ans =

  <a href="matlab:helpPopup logical" style="font-weight:bold">logical</a>

   0

d == 1

ans =

  <a href="matlab:helpPopup logical" style="font-weight:bold">logical</a>

   0

d == 11

ans =

  <a href="matlab:helpPopup logical" style="font-weight:bold">logical</a>

   1

d >= 5

ans =

  <a href="matlab:helpPopup logical" style="font-weight:bold">logical</a>

   1

d > 12

ans =

  <a href="matlab:helpPopup logical" style="font-weight:bold">logical</a>

   0

d ~= 10

ans =

  <a href="matlab:helpPopup logical" style="font-weight:bold">logical</a>

   1

d > 1 && d~= 11

ans =

  <a href="matlab:helpPopup logical" style="font-weight:bold">logical</a>

   0

d > 1 || d~= 11

ans =

  <a href="matlab:helpPopup logical" style="font-weight:bold">logical</a>

   1

